intrinsic:
1444.3736760542035 0.0 990.6755756975009 
0.0 1448.8522842696243 516.3873808981115 
0.0 0.0 1.0 
distortion:
0.05211632503116145 -0.19092742369778667 -0.00018601386088044637 -0.00018366451575691197 0.1535158163825314 
